Центральные фрагменты (реальные значения яркости):
5x5:
[[ 0.    0.    0.    0.    0.    0.    0.  ]
 [ 0.    1.    3.98  5.98  3.98  1.    0.  ]
 [ 0.    3.98 15.94 23.91 15.94  3.98  0.  ]
 [ 0.    5.98 23.91 35.86 23.91  5.98  0.  ]
 [ 0.    3.98 15.94 23.91 15.94  3.98  0.  ]
 [ 0.    1.    3.98  5.98  3.98  1.    0.  ]
 [ 0.    0.    0.    0.    0.    0.    0.  ]]

9x9:
[[ 0.    0.    0.    0.    0.    0.    0.    0.    0.    0.    0.  ]
 [ 0.    0.06  0.2   0.47  0.79  0.93  0.79  0.47  0.2   0.06  0.  ]
 [ 0.    0.2   0.66  1.52  2.58  3.03  2.58  1.52  0.66  0.2   0.  ]
 [ 0.    0.47  1.52  3.5   5.95  7.    5.95  3.5   1.52  0.47  0.  ]
 [ 0.    0.79  2.58  5.95 10.12 11.91 10.12  5.95  2.58  0.79  0.  ]
 [ 0.    0.93  3.03  7.   11.91 14.01 11.91  7.    3.03  0.93  0.  ]
 [ 0.    0.79  2.58  5.95 10.12 11.91 10.12  5.95  2.58  0.79  0.  ]
 [ 0.    0.47  1.52  3.5   5.95  7.    5.95  3.5   1.52  0.47  0.  ]
 [ 0.    0.2   0.66  1.52  2.58  3.03  2.58  1.52  0.66  0.2   0.  ]
 [ 0.    0.06  0.2   0.47  0.79  0.93  0.79  0.47  0.2   0.06  0.  ]
 [ 0.    0.    0.    0.    0.    0.    0.    0.    0.    0.    0.  ]]

5x5 дважды:
[[0.00e+00 0.00e+00 0.00e+00 0.00e+00 0.00e+00 0.00e+00 0.00e+00 0.00e+00
  0.00e+00 0.00e+00 0.00e+00]
 [0.00e+00 3.89e-03 3.11e-02 1.09e-01 2.18e-01 2.72e-01 2.18e-01 1.09e-01
  3.11e-02 3.89e-03 0.00e+00]
 [0.00e+00 3.11e-02 2.49e-01 8.72e-01 1.74e+00 2.18e+00 1.74e+00 8.72e-01
  2.49e-01 3.11e-02 0.00e+00]
 [0.00e+00 1.09e-01 8.72e-01 3.05e+00 6.10e+00 7.63e+00 6.10e+00 3.05e+00
  8.72e-01 1.09e-01 0.00e+00]
 [0.00e+00 2.18e-01 1.74e+00 6.10e+00 1.22e+01 1.53e+01 1.22e+01 6.10e+00
  1.74e+00 2.18e-01 0.00e+00]
 [0.00e+00 2.72e-01 2.18e+00 7.63e+00 1.53e+01 1.91e+01 1.53e+01 7.63e+00
  2.18e+00 2.72e-01 0.00e+00]
 [0.00e+00 2.18e-01 1.74e+00 6.10e+00 1.22e+01 1.53e+01 1.22e+01 6.10e+00
  1.74e+00 2.18e-01 0.00e+00]
 [0.00e+00 1.09e-01 8.72e-01 3.05e+00 6.10e+00 7.63e+00 6.10e+00 3.05e+00
  8.72e-01 1.09e-01 0.00e+00]
 [0.00e+00 3.11e-02 2.49e-01 8.72e-01 1.74e+00 2.18e+00 1.74e+00 8.72e-01
  2.49e-01 3.11e-02 0.00e+00]
 [0.00e+00 3.89e-03 3.11e-02 1.09e-01 2.18e-01 2.72e-01 2.18e-01 1.09e-01
  3.11e-02 3.89e-03 0.00e+00]
 [0.00e+00 0.00e+00 0.00e+00 0.00e+00 0.00e+00 0.00e+00 0.00e+00 0.00e+00
  0.00e+00 0.00e+00 0.00e+00]]
Средняя абсолютная разность 9x9 и (5x5 дважды): 0.006089
